20.289473684210527
63.89502762430939
66.46551724137932
18.0703125
68.02941176470588
53.541666666666664
54.04205607476636
55.869565217391305
59.005102040816325
57.825
56.970443349753694
56.41463414634146
58.40909090909091
61.515957446808514
64.97191011235955
64.60893854748603
65.71022727272727
66.08571428571429
66.08571428571429
63.543956043956044
64.60893854748603
64.97191011235955
62.513513513513516
64.97191011235955
70.0909090909091
63.89502762430939
69.66867469879519
69.66867469879519
62.513513513513516
66.08571428571429
68.02941176470588
62.85326086956522
63.543956043956044
63.89502762430939
65.71022727272727
70.51829268292683
64.97191011235955
64.25
64.60893854748603
64.60893854748603
65.33898305084746
64.25
63.89502762430939
64.97191011235955
63.543956043956044
62.85326086956522
61.515957446808514
61.844919786096256
64.60893854748603
65.33898305084746
62.85326086956522
62.85326086956522
63.19672131147541
63.19672131147541
63.89502762430939
64.60893854748603
63.19672131147541
63.89502762430939
63.19672131147541
63.89502762430939
66.46551724137932
66.46551724137932
67.63157894736842
67.23837209302326
65.71022727272727
67.63157894736842
67.23837209302326
65.71022727272727
67.23837209302326
64.25
65.33898305084746
65.33898305084746
65.71022727272727
63.543956043956044
64.60893854748603
64.60893854748603
61.844919786096256
60.234375
64.25
62.85326086956522
64.25
63.89502762430939
65.33898305084746
61.19047619047619
60.86842105263158
61.19047619047619
59.005102040816325
59.30769230769231
60.234375
60.54973821989529
57.825
57.825
59.005102040816325
62.17741935483871
62.513513513513516
63.19672131147541
59.30769230769231
58.40909090909091
57.53731343283582
57.825
61.515957446808514
59.92227979274612
59.61340206185567
58.11557788944724
57.53731343283582
58.11557788944724
57.25247524752475
56.140776699029125
56.140776699029125
57.53731343283582
58.11557788944724
57.825
58.40909090909091
57.53731343283582
57.825
57.825
57.53731343283582
58.11557788944724
57.25247524752475
57.25247524752475
57.53731343283582
56.970443349753694
57.53731343283582
57.25247524752475
56.970443349753694
59.30769230769231
56.69117647058823
56.41463414634146
54.551886792452834
56.140776699029125
55.07142857142857
53.541666666666664
55.60096153846154
58.40909090909091
59.61340206185567
58.70558375634518
56.970443349753694
59.005102040816325
60.234375
62.513513513513516
64.97191011235955
62.85326086956522
59.30769230769231
66.08571428571429
64.97191011235955
66.46551724137932
66.46551724137932
64.60893854748603
66.46551724137932
64.97191011235955
66.08571428571429
66.08571428571429
66.08571428571429
64.60893854748603
63.543956043956044
60.54973821989529
60.86842105263158
58.70558375634518
58.40909090909091
59.005102040816325
59.005102040816325
59.005102040816325
60.54973821989529
58.40909090909091
58.40909090909091
59.30769230769231
59.92227979274612
61.844919786096256
63.89502762430939
63.89502762430939
63.89502762430939
62.17741935483871
62.85326086956522
63.89502762430939
62.17741935483871
62.513513513513516
65.71022727272727
64.60893854748603
62.85326086956522
61.515957446808514
62.513513513513516
61.515957446808514
61.515957446808514
62.17741935483871
62.85326086956522
61.844919786096256
65.33898305084746
62.513513513513516
60.234375
60.234375
60.86842105263158
59.005102040816325
61.19047619047619
59.61340206185567
58.70558375634518
59.30769230769231
64.97191011235955
64.97191011235955
61.19047619047619
59.92227979274612
60.54973821989529
62.513513513513516
60.54973821989529
59.61340206185567
58.70558375634518
61.19047619047619
60.86842105263158
62.85326086956522
59.30769230769231
63.543956043956044
63.543956043956044
63.543956043956044
63.89502762430939
61.844919786096256
61.19047619047619
56.69117647058823
58.40909090909091
58.70558375634518
58.11557788944724
57.825
60.234375
58.70558375634518
59.92227979274612
61.515957446808514
61.515957446808514
63.543956043956044
59.92227979274612
61.515957446808514
59.30769230769231
61.19047619047619
60.86842105263158
59.61340206185567
59.61340206185567
59.30769230769231
59.005102040816325
61.19047619047619
60.54973821989529
59.30769230769231
60.54973821989529
59.005102040816325
62.85326086956522
62.513513513513516
62.513513513513516
63.19672131147541
63.19672131147541
63.89502762430939
58.70558375634518
56.41463414634146
54.04205607476636
53.294930875576036
54.551886792452834
57.53731343283582
54.551886792452834
59.92227979274612
53.05045871559633
54.81042654028436
54.551886792452834
54.81042654028436
57.25247524752475
56.41463414634146
57.25247524752475
60.234375
57.25247524752475
55.334928229665074
55.60096153846154
55.334928229665074
58.70558375634518
57.53731343283582
61.515957446808514
59.005102040816325
61.19047619047619
64.25
67.23837209302326
67.63157894736842
62.17741935483871
61.844919786096256
60.54973821989529
60.54973821989529
62.85326086956522
59.92227979274612
58.40909090909091
60.86842105263158
64.97191011235955
60.54973821989529
57.25247524752475
68.4319526627219
59.92227979274612
55.60096153846154
55.07142857142857
55.334928229665074
57.25247524752475
70.95092024539878
72.28125
72.28125
71.38888888888889
74.61290322580645
67.63157894736842
67.63157894736842
70.95092024539878
69.66867469879519
71.38888888888889
70.95092024539878
72.73584905660377
72.28125
69.66867469879519
70.0909090909091
68.02941176470588
68.02941176470588
74.61290322580645
70.0909090909091
64.25
66.08571428571429
63.19672131147541
63.89502762430939
67.23837209302326
67.23837209302326
71.38888888888889
47.39754098360656
46.07569721115538
45.892857142857146
68.4319526627219
44.65250965250965
43.64150943396226
46.44578313253012
49.63519313304721
43.31460674157304
44.65250965250965
43.97338403041825
35.36697247706422
60.54973821989529
70.95092024539878
61.19047619047619
64.60893854748603
62.17741935483871
62.513513513513516
36.94888178913738
36.598101265822784
40.29616724738676
38.04276315789474
40.578947368421055
42.054545454545455
42.20802919708029
41.01063829787234
39.070945945945944
37.548701298701296
52.0945945945946
54.29577464788732
52.56818181818182
53.05045871559633
55.07142857142857
53.05045871559633
54.81042654028436
38.16831683168317
51.629464285714285
50.723684210526315
52.80821917808219
54.04205607476636
54.29577464788732
49.00423728813559
51.4
52.33031674208145
50.50218340611354
49.212765957446805
46.821862348178136
47.789256198347104
47.789256198347104
47.592592592592595
47.204081632653065
45.71146245059288
45.35294117647059
45.35294117647059
46.821862348178136
47.204081632653065
45.892857142857146
47.39754098360656
45.35294117647059
45.35294117647059
48.59243697478992
50.723684210526315
50.50218340611354
46.26
46.44578313253012
45.0
47.789256198347104
48.79746835443038
47.39754098360656
48.59243697478992
47.592592592592595
45.35294117647059
45.71146245059288
45.0
46.44578313253012
47.592592592592595
43.47744360902256
42.054545454545455
42.67527675276753
42.67527675276753
44.1412213740458
45.71146245059288
43.31460674157304
47.204081632653065
47.98755186721991
46.821862348178136
46.821862348178136
47.01219512195122
48.59243697478992
50.28260869565217
50.064935064935064
48.59243697478992
50.28260869565217
45.71146245059288
46.821862348178136
43.15298507462686
42.054545454545455
47.789256198347104
47.39754098360656
46.821862348178136
46.44578313253012
45.0
46.26
46.821862348178136
48.38912133891213
49.63519313304721
47.98755186721991
52.80821917808219
52.33031674208145
51.4
51.4
52.56818181818182
50.947136563876654
47.98755186721991
47.98755186721991
49.212765957446805
49.849137931034484
52.33031674208145
53.294930875576036
54.04205607476636
54.81042654028436
54.81042654028436
54.551886792452834
51.860986547085204
50.50218340611354
54.04205607476636
53.541666666666664
54.551886792452834
57.25247524752475
60.86842105263158
57.25247524752475
61.19047619047619
61.19047619047619
57.825
58.11557788944724
61.19047619047619
60.234375
59.92227979274612
60.54973821989529
55.60096153846154
59.61340206185567
60.234375
58.40909090909091
56.140776699029125
58.11557788944724
55.334928229665074
56.140776699029125
59.61340206185567
58.11557788944724
55.869565217391305
56.140776699029125
55.60096153846154
56.140776699029125
58.11557788944724
58.40909090909091
61.515957446808514
58.11557788944724
58.40909090909091
58.70558375634518
59.005102040816325
57.53731343283582
60.86842105263158
56.41463414634146
56.69117647058823
56.69117647058823
59.61340206185567
59.005102040816325
61.515957446808514
56.140776699029125
54.29577464788732
54.81042654028436
57.53731343283582
58.40909090909091
59.30769230769231
56.69117647058823
58.11557788944724
57.25247524752475
56.140776699029125
57.53731343283582
57.25247524752475
58.11557788944724
55.60096153846154
56.140776699029125
56.41463414634146
58.40909090909091
57.25247524752475
59.61340206185567
60.86842105263158
60.234375
59.92227979274612
61.19047619047619
61.844919786096256
60.86842105263158
58.40909090909091
58.40909090909091
60.234375
59.005102040816325
61.19047619047619
61.19047619047619
61.19047619047619
58.11557788944724
57.53731343283582
59.61340206185567
59.005102040816325
59.005102040816325
54.81042654028436
54.81042654028436
55.869565217391305
55.869565217391305
54.04205607476636
55.07142857142857
56.69117647058823
56.140776699029125
57.825
56.41463414634146
56.41463414634146
56.69117647058823
60.86842105263158
60.86842105263158
57.825
57.25247524752475
59.92227979274612
61.515957446808514
63.543956043956044
66.08571428571429
64.60893854748603
64.97191011235955
65.71022727272727
63.89502762430939
65.33898305084746
65.33898305084746
64.97191011235955
66.08571428571429
64.97191011235955
65.33898305084746
66.46551724137932
63.19672131147541
65.71022727272727
66.08571428571429
66.46551724137932
63.543956043956044
64.97191011235955
64.97191011235955
64.25
63.543956043956044
63.543956043956044
60.234375
59.30769230769231
60.234375
62.17741935483871
62.17741935483871
62.513513513513516
63.19672131147541
63.543956043956044
63.89502762430939
58.40909090909091
64.97191011235955
62.513513513513516
59.61340206185567
65.33898305084746
62.85326086956522
64.25
61.515957446808514
60.234375
59.30769230769231
59.92227979274612
59.92227979274612
57.25247524752475
58.40909090909091
59.005102040816325
63.543956043956044
64.25
63.19672131147541
59.30769230769231
60.86842105263158
62.85326086956522
68.02941176470588
58.40909090909091
59.30769230769231
66.46551724137932
66.46551724137932
66.46551724137932
82.02127659574468
63.89502762430939
63.89502762430939
64.25
60.86842105263158
58.40909090909091
69.25149700598803
69.25149700598803
65.33898305084746
64.25
61.19047619047619
61.19047619047619
62.17741935483871
59.61340206185567
53.05045871559633
49.63519313304721
48.1875
53.541666666666664
45.71146245059288
50.28260869565217
51.4
45.17578125
46.07569721115538
45.892857142857146
48.1875
56.140776699029125
56.140776699029125
52.0945945945946
51.4
57.825
59.61340206185567
62.17741935483871
62.85326086956522
65.71022727272727
66.84971098265896
73.6624203821656
73.19620253164557
77.1
69.66867469879519
78.6734693877551
78.6734693877551
73.6624203821656
71.83229813664596
65.33898305084746
65.71022727272727
69.66867469879519
70.0909090909091
68.83928571428571
68.83928571428571
67.23837209302326
64.97191011235955
66.08571428571429
64.97191011235955
68.83928571428571
66.46551724137932
66.84971098265896
67.23837209302326
65.71022727272727
66.84971098265896
68.83928571428571
67.63157894736842
77.1
77.61744966442953
77.61744966442953
75.09740259740259
61.515957446808514
63.89502762430939
59.005102040816325
61.515957446808514
55.334928229665074
53.541666666666664
62.85326086956522
65.71022727272727
72.73584905660377
72.73584905660377
72.28125
68.4319526627219
69.66867469879519
71.83229813664596
74.13461538461539
75.58823529411765
78.14189189189189
73.6624203821656
73.19620253164557
76.58940397350993
76.08552631578948
69.66867469879519
73.19620253164557
77.1
66.46551724137932
66.84971098265896
68.83928571428571
69.66867469879519
69.66867469879519
70.95092024539878
70.95092024539878
72.28125
75.09740259740259
75.09740259740259
72.73584905660377
73.6624203821656
70.0909090909091
67.63157894736842
68.4319526627219
69.66867469879519
69.66867469879519
69.66867469879519
69.66867469879519
72.28125
67.23837209302326
68.83928571428571
66.08571428571429
70.95092024539878
66.84971098265896
70.0909090909091
63.543956043956044
65.33898305084746
65.71022727272727
64.60893854748603
64.25
64.60893854748603
64.25
65.33898305084746
66.08571428571429
66.46551724137932
62.513513513513516
62.513513513513516
61.844919786096256
61.19047619047619
58.70558375634518
60.54973821989529
60.234375
57.25247524752475
58.70558375634518
56.41463414634146
61.19047619047619
61.844919786096256
61.19047619047619
59.61340206185567
58.40909090909091
60.234375
62.17741935483871
61.844919786096256
61.844919786096256
61.19047619047619
63.19672131147541
59.005102040816325
63.543956043956044
62.513513513513516
62.513513513513516
64.60893854748603
64.97191011235955
62.85326086956522
61.515957446808514
61.515957446808514
63.543956043956044
64.97191011235955
61.844919786096256
62.17741935483871
63.89502762430939
60.234375
63.543956043956044
63.543956043956044
57.825
58.11557788944724
59.005102040816325
56.41463414634146
56.41463414634146
56.140776699029125
56.41463414634146
54.29577464788732
55.334928229665074
56.970443349753694
57.53731343283582
57.53731343283582
56.69117647058823
56.970443349753694
56.41463414634146
56.69117647058823
56.41463414634146
54.81042654028436
54.551886792452834
54.29577464788732
53.05045871559633
53.294930875576036
50.947136563876654
54.81042654028436
52.56818181818182
52.80821917808219
61.19047619047619
62.85326086956522
49.849137931034484
53.541666666666664
54.81042654028436
56.140776699029125
55.07142857142857
54.29577464788732
57.25247524752475
58.11557788944724
59.005102040816325
59.30769230769231
61.844919786096256
61.844919786096256
63.543956043956044
66.46551724137932
63.89502762430939
61.19047619047619
59.005102040816325
56.970443349753694
56.970443349753694
58.11557788944724
49.849137931034484
50.064935064935064
51.17256637168141
54.551886792452834
54.04205607476636
54.04205607476636
58.11557788944724
51.860986547085204
53.7906976744186
